259
260
262
262
260
259
232
212
241
245
241
202
228
232
211
230
263
301
272
226
259
297
256
236
280
265
294
314
274
328
318
308
322
336
302
278
335
294
301
314
291
316
307
235
257
278
298
344
330
258
360
363
383
381
366
377
372
373
378
368
401
392
380
410
401
395
417
336
393
404
420
418
421
411
429
439
439
438
410
445
445
446
450
454
458
462
465
465
468
472
475
474
476
475
476
475
475
475
475
476
475
475
476
476
476
476
476
475
476
476
476
476
476
476
476
476
476
476
476
476
476
476
476
476
476
476
476
476
476
476
476
476
476
476
477
477
477
476
476
477
477
476
476
476
476
476
477
477
476
476
476
476
476
476
476
476
476
476
476
476
476
476
476
476
476
476
476
477
476
477
477
477
477
477