278
278
278
277
274
227
167
205
175
205
199
157
237
253
247
252
279
238
257
262
260
256
270
270
249
267
310
277
332
315
332
326
331
293
302
333
312
298
329
287
314
344
272
242
258
290
337
311
317
313
357
364
385
385
373
374
378
387
387
362
395
383
401
410
367
404
391
340
410
405
421
419
412
369
425
437
440
438
403
443
445
444
449
451
455
460
462
463
466
470
474
472
475
474
476
475
476
476
476
476
476
477
477
477
477
477
476
476
476
476
477
477
477
477
477
477
477
477
477
477
477
477
477
477
477
477
477
477
477
477
476
476
476
476
476
476
476
476
476
476
476
476
476
476
476
476
476
476
476
476
476
476
476
476
476
476
476
476
476
477
477
477
477
476
476
476
476
477
476
477
476
476
476
477
477
476
476
477
477
477
477
477
477
477
477
477
477
477
477